255 255 255 255 255 255 255 255 255 255 255 255 255 255 255 255
255 255 255 255 255 255 255 255 255 255 255 255 255 255 255 255
255 255   0   0   0   0   0   0   0   0   0   0   0   0 255 255
255 255   0   0   0   0   0   0   0   0   0   0   0   0 255 255
255 255   0   0 255 231   0  28 227 255 255 255   0   0 255 255
255 255   0   0 231 211  24  47 208 231 253 255   0   0 255 255
255 255   0   0   0  24 255 227  28   0 231 255   0   0 255 255
255 255   0   0   0  21 227 205  50  28 234 255   0   0 255 255
255 255   0   0   0   2  28  50 205 227 253 255   0   0 255 255
255 255   0   0   0   0   0  28 227 255 255 255   0   0 255 255
255 255   0   0   0   0   0  28 227 255  46  24   0   0 255 255
255 255   0   0   0   0   0  28 227 255  24   0   0   0 255 255
255 255   0   0   0   0   0   0   0   0   0   0   0   0 255 255
255 255   0   0   0   0   0   0   0   0   0   0   0   0 255 255
255 255 255 255 255 255 255 255 255 255 255 255 255 255 255 255
255 255 255 255 255 255 255 255 255 255 255 255 255 255 255 255
255 255 255 255 255 255 255 255 255 255 255 255 255 255 255 255
255 255 255 255 255 255 255 255 255 255 255 255 255 255 255 255
255 255   0   0   0   0   0   0   0   0   0   0   0   0 255 255
255 255   0   0   0   0   0   0   0   0   0   0   0   0 255 255
255 255   0   0 255 231   0  28 227 255 255 255   0   0 255 255
255 255   0   0 231 211  24  47 208 231 253 255   0   0 255 255
255 255   0   0   0  24 255 227  28   0 231 255   0   0 255 255
255 255   0   0   0  21 227 205  50  28 234 255   0   0 255 255
255 255   0   0   0   2  28  50 205 227 253 255   0   0 255 255
255 255   0   0   0   0   0  28 227 255 255 255   0   0 255 255
255 255   0   0   0   0   0  28 227 255  46  24   0   0 255 255
255 255   0   0   0   0   0  28 227 255  24   0   0   0 255 255
255 255   0   0   0   0   0   0   0   0   0   0   0   0 255 255
255 255   0   0   0   0   0   0   0   0   0   0   0   0 255 255
255 255 255 255 255 255 255 255 255 255 255 255 255 255 255 255
255 255 255 255 255 255 255 255 255 255 255 255 255 255 255 255
255 255 255 255 255 255 255 255 255 255 255 255 255 255 255 255
255 255 255 255 255 255 255 255 255 255 255 255 255 255 255 255
255 255   0   0   0   0   0   0   0   0   0   0   0   0 255 255
255 255   0   0   0   0   0   0   0   0   0   0   0   0 255 255
255 255   0   0 255 231   0  28 227 255 255 255   0   0 255 255
255 255   0   0 231 211  24  47 208 231 253 255   0   0 255 255
255 255   0   0   0  24 255 227  28   0 231 255   0   0 255 255
255 255   0   0   0  21 227 205  50  28 234 255   0   0 255 255
255 255   0   0   0   2  28  50 205 227 253 255   0   0 255 255
255 255   0   0   0   0   0  28 227 255 255 255   0   0 255 255
255 255   0   0   0   0   0  28 227 255  46  24   0   0 255 255
255 255   0   0   0   0   0  28 227 255  24   0   0   0 255 255
255 255   0   0   0   0   0   0   0   0   0   0   0   0 255 255
255 255   0   0   0   0   0   0   0   0   0   0   0   0 255 255
255 255 255 255 255 255 255 255 255 255 255 255 255 255 255 255
255 255 255 255 255 255 255 255 255 255 255 255 255 255 255 255

255 255 255 255 255 255 255 255 255 255 255 255 255 255 255 255
255 255 255 255 255 255 255 255 255 255 255 255 255 255 255 255
255 255   0   0   0   0   0   0   0   0   0   0   0   0 255 255
255 255   0   0   0   0   0   0   0   0   0   0   0   0 255 255
255 255   0   0 255 255 255 255 255 255  24   0   0   0 255 255
255 255   0   0 255 253 231 234 253 255  46  24   0   0 255 255
255 255   0   0 255 231   0  28 227 255 255 255   0   0 255 255
255 255   0   0 227 208  28  50 205 227 227 227   0   0 255 255
255 255   0   0  28  47 227 205  50  28  28  28   0   0 255 255
255 255   0   0   0  24 255 227  28   0   0   0   0   0 255 255
255 255   0   0 231 211  24  21   2   0   0   0   0   0 255 255
255 255   0   0 255 231   0   0   0   0   0   0   0   0 255 255
255 255   0   0   0   0   0   0   0   0   0   0   0   0 255 255
255 255   0   0   0   0   0   0   0   0   0   0   0   0 255 255
255 255 255 255 255 255 255 255 255 255 255 255 255 255 255 255
255 255 255 255 255 255 255 255 255 255 255 255 255 255 255 255
255 255 255 255 255 255 255 255 255 255 255 255 255 255 255 255
255 255 255 255 255 255 255 255 255 255 255 255 255 255 255 255
255 255   0   0   0   0   0   0   0   0   0   0   0   0 255 255
255 255   0   0   0   0   0   0   0   0   0   0   0   0 255 255
255 255   0   0 255 255 255 255 255 255  24   0   0   0 255 255
255 255   0   0 255 253 231 234 253 255  46  24   0   0 255 255
255 255   0   0 255 231   0  28 227 255 255 255   0   0 255 255
255 255   0   0 227 208  28  50 205 227 227 227   0   0 255 255
255 255   0   0  28  47 227 205  50  28  28  28   0   0 255 255
255 255   0   0   0  24 255 227  28   0   0   0   0   0 255 255
255 255   0   0 231 211  24  21   2   0   0   0   0   0 255 255
255 255   0   0 255 231   0   0   0   0   0   0   0   0 255 255
255 255   0   0   0   0   0   0   0   0   0   0   0   0 255 255
255 255   0   0   0   0   0   0   0   0   0   0   0   0 255 255
255 255 255 255 255 255 255 255 255 255 255 255 255 255 255 255
255 255 255 255 255 255 255 255 255 255 255 255 255 255 255 255
255 255 255 255 255 255 255 255 255 255 255 255 255 255 255 255
255 255 255 255 255 255 255 255 255 255 255 255 255 255 255 255
255 255   0   0   0   0   0   0   0   0   0   0   0   0 255 255
255 255   0   0   0   0   0   0   0   0   0   0   0   0 255 255
255 255   0   0 255 255 255 255 255 255  24   0   0   0 255 255
255 255   0   0 255 253 231 234 253 255  46  24   0   0 255 255
255 255   0   0 255 231   0  28 227 255 255 255   0   0 255 255
255 255   0   0 227 208  28  50 205 227 227 227   0   0 255 255
255 255   0   0  28  47 227 205  50  28  28  28   0   0 255 255
255 255   0   0   0  24 255 227  28   0   0   0   0   0 255 255
255 255   0   0 231 211  24  21   2   0   0   0   0   0 255 255
255 255   0   0 255 231   0   0   0   0   0   0   0   0 255 255
255 255   0   0   0   0   0   0   0   0   0   0   0   0 255 255
255 255   0   0   0   0   0   0   0   0   0   0   0   0 255 255
255 255 255 255 255 255 255 255 255 255 255 255 255 255 255 255
255 255 255 255 255 255 255 255 255 255 255 255 255 255 255 255

251 252 252 252 252 252 252 252 252 252 252 252 252 252 252 251
252 255 255 255 255 255 255 255 255 255 255 255 255 255 255 252
252 255  45  24  24  24  24  24  24  24  24  24  24  48 255 252
252 255  24   0   0   0   0   0   0   0   0   0   0  26 255 252
252 255  24   0   0  17 200 198  21   0   0   0   0  26 255 252
252 255  24   0  17  38 227 223  23   0   0   0   0  26 255 252
252 255  24   0 197 227 251 223  23   0   0   0   0  26 255 252
252 255  24   0 223 252 226 199  49  27   1   0   0  26 255 252
252 255  24   0 223 236  50  49 211 201   9   0   0  26 255 252
252 255  24   0 223 237  61  58 201 195  43  31   0  26 255 252
252 255  24   0 223 254 246 215  31  40 235 214   0  26 255 252
252 255  24   0 195 223 223 195  20  28 213 195   0  26 255 252
252 255  24   0   0   0   0   0   0   0   0   0   0  26 255 252
252 255  48  26  26  26  26  26  26  26  26  26  26  50 255 252
252 255 255 255 255 254 248 243 246 247 254 255 255 255 255 252
251 252 252 252 252 252 249 242 244 249 252 252 252 252 252 251
251 252 252 252 252 252 252 252 252 252 252 252 252 252 252 251
252 255 255 255 255 255 255 255 255 255 255 255 255 255 255 252
252 255  45  24  24  24  24  24  24  24  24  24  24  48 255 252
252 255  24   0   0   0   0   0   0   0   0   0   0  26 255 252
252 255  24   0   0  17 200 198  21   0   0   0   0  26 255 252
252 255  24   0  17  38 227 223  23   0   0   0   0  26 255 252
252 255  24   0 197 227 251 223  23   0   0   0   0  26 255 252
252 255  24   0 223 252 226 199  49  27   1   0   0  26 255 252
252 255  24   0 223 236  50  49 211 201   9   0   0  26 255 252
252 255  24   0 223 237  61  58 201 195  43  31   0  26 255 252
252 255  24   0 223 254 246 215  31  40 235 214   0  26 255 252
252 255  24   0 195 223 223 195  20  28 213 195   0  26 255 252
252 255  24   0   0   0   0   0   0   0   0   0   0  26 255 252
252 255  48  26  26  26  26  26  26  26  26  26  26  50 255 252
252 255 255 255 255 254 248 243 246 247 254 255 255 255 255 252
251 252 252 252 252 252 249 242 244 249 252 252 252 252 252 251
251 252 252 252 252 252 252 252 252 252 252 252 252 252 252 251
252 255 255 255 255 255 255 255 255 255 255 255 255 255 255 252
252 255  45  24  24  24  24  24  24  24  24  24  24  48 255 252
252 255  24   0   0   0   0   0   0   0   0   0   0  26 255 252
252 255  24   0   0  17 200 198  21   0   0   0   0  26 255 252
252 255  24   0  17  38 227 223  23   0   0   0   0  26 255 252
252 255  24   0 197 227 251 223  23   0   0   0   0  26 255 252
252 255  24   0 223 252 226 199  49  27   1   0   0  26 255 252
252 255  24   0 223 236  50  49 211 201   9   0   0  26 255 252
252 255  24   0 223 237  61  58 201 195  43  31   0  26 255 252
252 255  24   0 223 254 246 215  31  40 235 214   0  26 255 252
252 255  24   0 195 223 223 195  20  28 213 195   0  26 255 252
252 255  24   0   0   0   0   0   0   0   0   0   0  26 255 252
252 255  48  26  26  26  26  26  26  26  26  26  26  50 255 252
252 255 255 255 255 254 248 243 246 247 254 255 255 255 255 252
251 252 252 252 252 252 249 242 244 249 252 252 252 252 252 251

251 253 253 253 253 253 253 253 253 253 253 253 253 253 253 251
253 255 255 255 255 255 255 255 255 255 255 255 255 255 255 253
253 255  48  26  26  26  26  26  26  26  26  26  26  48 255 253
253 255  26   0   0   0   0   0   0   0   0   0   0  26 255 253
253 255  26   0   0   0   0   0   0  29 212 199   0  26 255 253
253 255  26   0   0   0   0   2  14  44 226 211   0  26 255 253
253 255  26   0   0   0   0  24 200 200  41  26   0  26 248 249
253 255  26   0  25  28  28  49 205 201  39  25   0  26 246 245
253 255  26   0 200 227 227 205  49  53 215 200   0  26 243 243
253 255  26   0 196 224 251 231  57  61 242 225   0  26 248 250
253 255  26   0  13  29 224 253 242 242 254 225   0  26 255 253
253 255  26   0   0  13 193 221 221 221 221 195   0  26 255 253
253 255  26   0   0   0   0   0   0   0   0   0   0  26 255 253
253 255  48  26  26  26  26  26  26  26  26  26  26  48 255 253
253 255 255 255 255 255 255 255 255 255 255 255 255 255 255 253
251 253 253 253 253 253 253 253 253 253 253 253 253 253 253 251
251 253 253 253 253 253 253 253 253 253 253 253 253 253 253 251
253 255 255 255 255 255 255 255 255 255 255 255 255 255 255 253
253 255  48  26  26  26  26  26  26  26  26  26  26  48 255 253
253 255  26   0   0   0   0   0   0   0   0   0   0  26 255 253
253 255  26   0   0   0   0   0   0  29 212 199   0  26 255 253
253 255  26   0   0   0   0   2  14  44 226 211   0  26 255 253
253 255  26   0   0   0   0  24 200 200  41  26   0  26 248 249
253 255  26   0  25  28  28  49 205 201  39  25   0  26 246 245
253 255  26   0 200 227 227 205  49  53 215 200   0  26 243 243
253 255  26   0 196 224 251 231  57  61 242 225   0  26 248 250
253 255  26   0  13  29 224 253 242 242 254 225   0  26 255 253
253 255  26   0   0  13 193 221 221 221 221 195   0  26 255 253
253 255  26   0   0   0   0   0   0   0   0   0   0  26 255 253
253 255  48  26  26  26  26  26  26  26  26  26  26  48 255 253
253 255 255 255 255 255 255 255 255 255 255 255 255 255 255 253
251 253 253 253 253 253 253 253 253 253 253 253 253 253 253 251
251 253 253 253 253 253 253 253 253 253 253 253 253 253 253 251
253 255 255 255 255 255 255 255 255 255 255 255 255 255 255 253
253 255  48  26  26  26  26  26  26  26  26  26  26  48 255 253
253 255  26   0   0   0   0   0   0   0   0   0   0  26 255 253
253 255  26   0   0   0   0   0   0  29 212 199   0  26 255 253
253 255  26   0   0   0   0   2  14  44 226 211   0  26 255 253
253 255  26   0   0   0   0  24 200 200  41  26   0  26 248 249
253 255  26   0  25  28  28  49 205 201  39  25   0  26 246 245
253 255  26   0 200 227 227 205  49  53 215 200   0  26 243 243
253 255  26   0 196 224 251 231  57  61 242 225   0  26 248 250
253 255  26   0  13  29 224 253 242 242 254 225   0  26 255 253
253 255  26   0   0  13 193 221 221 221 221 195   0  26 255 253
253 255  26   0   0   0   0   0   0   0   0   0   0  26 255 253
253 255  48  26  26  26  26  26  26  26  26  26  26  48 255 253
253 255 255 255 255 255 255 255 255 255 255 255 255 255 255 253
251 253 253 253 253 253 253 253 253 253 253 253 253 253 253 251
